time,x,y,z,phi,theta,psi,x_velocity,y_velocity,z_velocity,phi_velocity,theta_velocity,psi_velocity,rotor_speed1,rotor_speed2,rotor_speed3,rotor_speed4
0.06,1.08742630694e-07,2.7002793521e-07,10.006864088,0.000225530367138,6.28297813974,0.0,1.48438811791e-05,2.37418926956e-05,0.228784374603,0.010379238385,-0.0114516964605,0.0,476.06989066136424,475.1930747865829,475.99674097096636,476.7901691900548
0.12000000000000001,8.02011251335e-06,9.52963703492e-06,10.025141289,0.00108974786522,6.28263168219,0.0,0.00030343526775,0.000367543473865,0.380416645466,0.0214338023475,0.00367425980284,0.0,452.08191421647126,453.2989388930527,452.98600795553455,453.87383082074757
0.18,3.73484489904e-05,6.88028700229e-05,10.0575950845,0.00296024953328,0.000996959006762,0.0,0.000529387796445,0.00182726925931,0.701235254175,0.0457340144412,0.0512869529385,0.0,500.5924010758638,504.0446688234531,501.3939587196102,503.1562135181272
0.23999999999999996,3.21812557967e-05,0.000260042293981,10.1055553362,0.00563370500342,0.00412221638716,0.0,-0.00106192287859,0.00486187017405,0.897304294362,0.0420951306462,0.0536421598815,0.0,467.50544888017254,467.69050761389474,466.37920555167995,466.0959748016866
0.3,-0.000148632022694,0.000703167675204,10.1665698264,0.0079137581743,0.00724551159076,0.0,-0.00535314909906,0.0102042095254,1.13630143132,0.0282073264557,0.0486761411843,0.0,479.7841119269646,479.4085095324193,480.5630371510482,479.50988398846386
0.36000000000000004,-0.000636854194545,0.00149168188258,10.2385229187,0.00930294722335,0.0097064959011,0.0,-0.011213063526,0.0162443185694,1.26200051577,0.0104050462291,0.0177125475818,0.0,447.16350220487413,444.63506883326204,447.40900279994395,445.95744462275854
0.4200000000000001,-0.00148896441572,0.00263731072691,10.314670573,0.010490956466,0.0110004869701,0.0,-0.0172965336803,0.0220281945822,1.27623673066,0.033963987188,0.0283336673689,0.0,410.1605829496124,411.10272991940076,409.190783656585,411.2825017735589
0.48000000000000015,-0.0027370352536,0.00415978805993,10.3920654165,0.0124422370067,0.0135975539761,0.0,-0.0245107309911,0.0289028122312,1.30355582406,0.0294682243218,0.0631046361026,0.0,413.7179225867284,416.76891149235195,414.7202194358999,414.32566881576656
0.5400000000000001,-0.0045348518392,0.00618697144266,10.4755061207,0.0147634145125,0.0171740034219,0.0,-0.0358306275021,0.0389031786894,1.47758259603,0.0526431322027,0.0514929619445,0.0,462.3764901948234,461.4632199944212,460.17525460271884,462.0065500440823
0.6000000000000002,-0.00706364531691,0.0088478972019,10.5677917116,0.0175520883657,0.0210220904702,0.0,-0.0488322107229,0.050108757256,1.59842993678,0.0298060170771,0.0817700360162,0.0,444.76774264645275,447.24313226641596,446.2867522426735,444.42021143937075
0.6600000000000003,-0.0104427690411,0.0122204696245,10.6665011824,0.0194643720631,0.0262181129469,0.0,-0.0643140232667,0.062494811841,1.69173611374,0.0357108377196,0.0948331231667,0.0,436.9668743942163,438.06066301793675,437.01634484048316,437.50860061566317
0.7200000000000003,-0.014925388025,0.0164255141452,10.7732079283,0.0224372625903,0.0314945482458,0.0,-0.0857246634063,0.0779661046864,1.86486390542,0.0683423957906,0.0683012125369,0.0,463.3723114639355,461.28787339704166,461.19753114188825,463.7687866713585
0.7800000000000004,-0.0206797986068,0.0215436018553,10.8863732759,0.0272925283846,0.0353725866163,0.0,-0.10646085393,0.0930603886423,1.90721981533,0.0984914974876,0.0560533567732,0.0,423.0662673667602,422.01371953660464,419.88480688167556,422.497459530239
0.8400000000000004,-0.0278828770683,0.0277706338002,11.0057777766,0.0338571272409,0.0388687621843,0.0,-0.134015102222,0.115201752682,2.07260692037,0.125260184845,0.0623679937671,0.0,461.31056935198694,461.81110815088937,459.18755008368254,461.31579158389525
0.9000000000000005,-0.0369073059536,0.0355582410863,11.1373081907,0.041326484038,0.0424149366935,0.0,-0.167229291724,0.145286086565,2.31123223725,0.122902748675,0.0516116288554,0.0,484.0622595472638,483.2543051171732,482.85675573603544,482.6916161539425
0.9600000000000005,-0.0478177152904,0.0451448684197,11.2786798825,0.0487333449713,0.0455669858395,0.0,-0.196757573019,0.175001714915,2.40092051759,0.124514808773,0.0543175060307,0.0,439.1805342780799,439.4067331198105,439.117520126062,439.2652376474436
1.0200000000000005,-0.0604100596871,0.056497706436,11.4220811046,0.0561676460684,0.0486408517122,0.0,-0.223256714017,0.204053080163,2.37911412952,0.122657965733,0.0442092939316,0.0,402.6605611951163,401.7470557967381,403.49680847183123,403.34478813688037
1.0800000000000005,-0.0748917143458,0.0700103221488,11.5692164083,0.0634186890794,0.051075336772,0.0,-0.259728744669,0.247142475735,2.52501354177,0.116970372502,0.0320822530715,0.0,457.9706664734631,457.0058922303044,457.3463005856658,456.9058120147442
1.1400000000000006,-0.0914757072654,0.0860941445927,11.722434483,0.0703031733002,0.0530725645789,0.0,-0.293253250312,0.289639663862,2.58206249237,0.109867448587,0.0355936531613,0.0,430.57478753936886,430.8722206348339,429.84871948480554,429.2586096834548
1.2000000000000006,-0.110508028113,0.105389647414,11.8864667608,0.0765334401931,0.0548988884664,0.0,-0.341385509658,0.354340395701,2.88487003225,0.0876928405472,0.0173604305587,0.0,504.3835954501514,503.0652797752939,505.37387568398975,503.7808606487169
1.2600000000000007,-0.13208718508,0.128185153316,12.0616705685,0.0812436126945,0.0567412194204,0.0,-0.37806020533,0.405993462917,2.95501194511,0.0448259276354,0.0490328499079,0.0,435.5600567693684,438.2011999977917,437.972744639205,434.3972562427061
1.3200000000000007,-0.156236642036,0.154628056631,12.2467575577,0.083956651163,0.0596126650681,0.0,-0.427248432478,0.475712059525,3.21378697025,0.0459885694564,0.045397225233,0.0,493.951956714524,493.6849135773206,493.8724247031018,493.95912952555557
1.3800000000000008,-0.183223487082,0.185060538072,12.444261518,0.0861677146843,0.0627524075841,0.0,-0.472613988147,0.53894884787,3.36916032084,0.00362754093597,0.0634672583892,0.0,464.4458660146645,465.86257168731214,466.85207241121145,463.53540440450774
1.4400000000000008,-0.212831438662,0.219086672313,12.6483267773,0.0866648717943,0.0664286174514,0.0,-0.514669744333,0.595265563126,3.43277302217,0.0162708496861,0.0564700865685,0.0,438.21277880224574,437.6334565064223,436.99947529456335,438.0520524860295
1.5000000000000009,-0.245305953565,0.256852422772,12.8602229935,0.0873110554343,0.0704381791539,0.0,-0.568211913159,0.663626456996,3.62975428322,-0.0034851779375,0.0820688805111,0.0,478.86658668296866,480.81278036254804,479.1034137763201,477.5988328805643
1.560000000000001,-0.28068550746,0.298229450437,13.078232854,0.0868772764451,0.0750968928992,0.0,-0.611532126449,0.71556569164,3.6371602026,-0.0160302681761,0.0668819455109,0.0,421.52467633785744,420.2152215857967,422.4104498630909,421.32725304634204
1.620000000000001,-0.319142394303,0.343162629252,13.3018849195,0.0856511170157,0.0790700596644,0.0,-0.67077647018,0.782018085638,3.81725882181,-0.0311521109428,0.0648610784057,0.0,476.5628107997053,476.41124517245044,475.4208179022433,474.26073468214673
1.680000000000001,-0.361331695109,0.39213919952,13.5374015494,0.083793247079,0.082546854527,0.0,-0.735922587694,0.850231853846,4.03249744678,-0.0305919559305,0.0382022265614,0.0,489.19414460553713,487.20678130768425,486.2222265968664,486.2639562352253
1.740000000000001,-0.407079120618,0.444731194504,13.7806912005,0.0819154010836,0.0849678964545,0.0,-0.789204021013,0.902631136884,4.07696273537,-0.0327468149568,0.0443333026117,0.0,435.897416063219,436.4103887382818,437.62897541443016,437.4492001353014
1.8000000000000012,-0.456247355411,0.500594705747,14.0286829102,0.0801044574242,0.0879318843131,0.0,-0.849999911618,0.959239047116,4.18897261683,-0.0254928925711,0.0579781702169,0.0,456.98898030823915,458.0768288348951,459.1837241889437,459.75858997365094
1.8600000000000012,-0.509057125642,0.559748653339,14.2825604872,0.0787659377769,0.0922135772471,0.0,-0.910696969358,1.01237223103,4.27323341802,-0.0165998766611,0.0897207663067,0.0,450.3889763517039,452.9527654387531,449.72320955946344,450.4429904884893
1.9200000000000013,-0.56542478278,0.621912224524,14.5395846199,0.0778842787591,0.0979739755403,0.0,-0.968726171748,1.05963510807,4.2940736602,-0.0111324498628,0.10628387527,0.0,430.67832268470096,432.08513974078613,431.32602429977436,431.78766563139544
1.9800000000000013,-0.625139664108,0.686701062389,14.7953896053,0.077012683228,0.105278875293,0.0,-1.02233935762,1.09992955539,4.23289718261,-0.022366180644,0.142014953881,0.0,402.1337514994308,405.37205586743744,405.1275796186741,404.11618250137275
2.0400000000000014,-0.689028940687,0.754484958302,15.0552761644,0.0753675661851,0.113989383395,0.0,-1.10822462411,1.15927569683,4.42907115081,-0.0401602547993,0.150839533511,0.0,485.768068650601,486.4470707694292,485.6420481823165,484.30524777646366
2.1000000000000014,-0.758299253237,0.825793874249,15.3270754297,0.07338740658,0.122999003283,0.0,-1.20174685168,1.21734160651,4.62991593719,-0.0215699696897,0.14876787469,0.0,488.5786347731541,488.44311441959206,488.22413340635467,489.60894970385846
2.1600000000000015,-0.833668691854,0.900697824745,15.6130754636,0.0717378694435,0.131600544916,0.0,-1.31154170952,1.27915532464,4.90204569413,-0.0432524607031,0.129444856973,0.0,511.3408460321669,509.9783747821977,511.7501135250239,510.2041092360426
2.2200000000000015,-0.914631246894,0.97861016717,15.9063317737,0.0688008336446,0.139341272602,0.0,-1.38787266132,1.31767368851,4.87315066376,-0.063891829726,0.128133261507,0.0,422.22204241519296,422.1250410761687,423.14451337858924,421.3619491985615
2.2800000000000016,-1.00057815423,1.05890596964,16.1997577642,0.0652604341723,0.146837855136,0.0,-1.47770727686,1.3584692322,4.90741121389,-0.0506920989347,0.1176547147,0.0,443.65848129693626,442.81135291353917,442.1108110560221,443.19468800730823
2.3400000000000016,-1.09198757935,1.14154996246,16.4947619925,0.0619169354442,0.154297993887,0.0,-1.56992036773,1.39600675085,4.92581805602,-0.0683985270829,0.135138420703,0.0,437.9782569718198,439.44424597497033,439.03403879055156,437.55997166555284
2.4000000000000017,-1.18962225139,1.22658961403,16.7943456073,0.0577280455977,0.162865689539,0.0,-1.68537033227,1.43812912357,5.05948555872,-0.0728079195924,0.154853561272,0.0,473.97243199888146,475.50270660647186,475.21914970154955,474.8776194047663
2.4600000000000017,-1.29374310595,1.31384056432,17.0981101368,0.0530223622413,0.172326391848,0.0,-1.78614753469,1.46979844612,5.06575255538,-0.0930870014356,0.162795434465,0.0,437.0434705190825,437.7289552864816,437.22299524065846,435.52465064882176
2.520000000000002,-1.40447485238,1.40301233992,17.4044425174,0.0476479114766,0.181993319461,0.0,-1.90580659545,1.50199178962,5.14470299614,-0.0833441409412,0.157529097931,0.0,460.59376060032366,460.2006986173839,460.22421633805743,460.9884020313256
2.580000000000002,-1.52246646943,1.49397346017,17.7148556364,0.042586791952,0.191528368889,0.0,-2.02810467728,1.52951195047,5.20185616839,-0.0864465434699,0.161555620691,0.0,455.26178021497157,455.6071680372262,454.7485227310135,454.4942450541637
2.640000000000002,-1.64760740747,1.58640069859,18.026732529,0.0382531681478,0.201092440517,0.0,-2.14409549538,1.55095912471,5.19379479593,-0.0530791652187,0.154707608695,0.0,435.6560918978103,435.10770130365125,433.77588894330705,436.5648046514816
2.700000000000002,-1.77996470183,1.68005457279,18.3385134753,0.0350193200374,0.210217136131,0.0,-2.26861760488,1.57052167317,5.1985641008,-0.0555857878079,0.146227413937,0.0,439.90421401567187,439.22334763450584,440.6263444050506,440.41708128193443
2.760000000000002,-1.91992677879,1.77481342264,18.6503904339,0.0315397082698,0.218974289587,0.0,-2.39754919311,1.58777975685,5.19701638507,-0.063303137762,0.145397777754,0.0,438.2064537621802,438.1577402081398,439.59216012887964,438.9496821067931
2.820000000000002,-2.06738598801,1.87048471821,18.960356821,0.0275423676271,0.227470400519,0.0,-2.51850148131,1.60093868489,5.13517656053,-0.0742569390429,0.132669920018,0.0,419.6634511300378,418.5768860879016,419.84748669546616,418.8921875614606
2.880000000000002,-2.22292608984,1.96695382557,19.2695103225,0.023213913415,0.235855402695,0.0,-2.66689093363,1.61425825032,5.16941198561,-0.0682152298453,0.151073736618,0.0,450.1571359561406,451.6617493268434,451.0351755249962,451.51899829816625
2.940000000000002,-2.38784134472,2.06416549922,19.5819263315,0.0193082999613,0.244949106231,0.0,-2.8310850853,1.62570232401,5.24365365056,-0.0594877744584,0.152519086132,0.0,465.2351089808437,465.36878230075064,464.0999891864732,464.781663066592
3.000000000000002,-2.56336195976,2.16202487593,19.9009831296,0.0154399395937,0.253920024736,0.0,-3.02039637339,1.63583504297,5.39032875163,-0.0769894104959,0.142714756869,0.0,488.4426374077121,487.7295514497626,489.60573543623326,488.2989137596191
3.0600000000000023,-2.74901982841,2.26031867114,20.2233164374,0.0112224636312,0.262869252699,0.0,-3.1689666633,1.64024368027,5.35385782435,-0.0594615286456,0.159632823957,0.0,432.1963261707994,433.64147933577345,433.38405651959397,434.8510966084209
3.1200000000000023,-2.94347109841,2.3587958985,20.5423675266,0.00843727060722,0.272234156466,0.0,-3.31356272867,1.64208049141,5.28106376316,-0.0283894151356,0.147828588182,0.0,422.074540084032,421.0787325031638,420.72405957865425,423.4046685187175
3.1800000000000024,-3.14749356825,2.45736385812,20.8596346228,0.00687480437832,0.281202446842,0.0,-3.48795278353,1.64336168033,5.29388232041,-0.0217161958801,0.152566377735,0.0,451.25174780049946,451.65470125455226,449.703209213185,450.24340472930896
3.2400000000000024,-3.36207689967,2.55597825075,21.177339522,0.00536049363419,0.290184243742,0.0,-3.66560303642,1.64365360021,5.29567567959,-0.0334244651818,0.143239936166,0.0,448.66120770984344,447.9239981621207,449.22999675857636,448.27928053913314
3.3000000000000025,-3.58745790752,2.65457930782,21.494977628,0.00361924691388,0.298609346693,0.0,-3.84783233795,1.6428782985,5.29167551639,-0.0214163669838,0.134083691334,0.0,447.5870043148483,446.85919347795306,448.1955623791929,449.170396024902
3.3600000000000025,-3.82344769594,2.75309903929,21.8107354608,0.00258772973006,0.306791091762,0.0,-4.01922172753,1.64101876954,5.23328920568,-0.00985709455561,0.140564960245,0.0,430.7351175885838,431.3007941851946,430.67347829288735,431.6503426309445
3.4200000000000026,-4.07008957879,2.85149405467,22.1236131509,0.00231248651855,0.31601158906,0.0,-4.20294908983,1.63877984668,5.1954814486,0.00428566227675,0.171759633527,0.0,437.26475218082385,439.87816248389197,438.4312352741329,439.6050449914316
3.4800000000000026,-4.32813018468,2.94975397567,22.4347540739,0.00260647871683,0.326319399563,0.0,-4.39927192022,1.63657476771,5.17519069861,0.00610088767252,0.171871047926,0.0,446.3007938133701,446.33808530113214,445.2990428754951,445.44745376544205
3.5400000000000027,-4.59874959501,3.04789198706,22.7463683216,0.00255663524792,0.336343565014,0.0,-4.62220753496,1.63471155002,5.21087248859,-0.0206650119847,0.155152334079,0.0,466.08329533579104,464.7996411165873,466.83314191065824,464.7395057487846
3.6000000000000028,-4.88109566879,3.14589912533,23.0547530449,0.00102148678105,0.345641755246,0.0,-4.79019514535,1.63209982152,5.06862740464,-0.0379015224591,0.154602800754,0.0,407.78044584311124,407.7564072013325,407.6899376071134,406.146284689687
3.660000000000003,-5.17486562572,3.24372869472,23.3578302081,6.28282604284,0.354751797064,0.0,-5.00293317867,1.62874033588,5.03326188415,-0.00324608875377,0.145633632088,0.0,444.33957950945603,443.625208028594,444.28501700257686,447.11779158017845
3.720000000000003,-5.48103810528,3.34133964796,23.6572491522,6.28287689383,0.363384356714,0.0,-5.20361319346,1.6249559772,4.94696202305,0.00798427639112,0.140110935015,0.0,429.58811815921035,429.13955783115375,428.0786239638697,429.0334236833631
3.780000000000003,-5.80065319306,3.43872592058,23.9546552808,0.000183470318711,0.372056617363,0.0,-5.45091620537,1.62130091251,4.96547387518,0.00862224893933,0.152169801791,0.0,464.69117807646495,465.6540879916921,465.1530677527207,465.20291490245046
3.840000000000003,-6.13511494569,3.5359025477,24.2525965555,0.000431606431027,0.382209759504,0.0,-5.69859962174,1.61795819337,4.96479488203,-0.00682745263128,0.190828127928,0.0,459.18944742233697,462.27167064213864,462.7130791776795,461.49487478182454
3.900000000000003,-6.48248388407,3.6328785608,24.5450097298,6.28317107004,0.394212571952,0.0,-5.88141026086,1.61455063741,4.78223467037,-0.00866545134937,0.213988373693,0.0,398.44945300846507,400.6051971843891,400.880764417143,400.71377320079415
3.960000000000003,-6.84226132817,3.72964442174,24.8293673696,6.28282958073,0.407279749227,0.0,-6.11221988766,1.61094760973,4.69551553233,-0.000323274134391,0.224456102119,0.0,434.7102116041086,435.63453078128583,435.41180032418475,436.1094271627559
4.020000000000002,-7.21668999174,3.82619025532,25.109701504,6.28299067828,0.420727614844,0.0,-6.36977769055,1.6072560262,4.64774110627,0.00810926543895,0.22347429105,0.0,451.458926647812,451.4286531515306,450.17955231248595,450.8614886259964
4.080000000000001,-7.60817752874,3.92251914569,25.3900195409,0.000524097290912,0.433869233755,0.0,-6.68074227559,1.60376868499,4.69422968387,0.0187705542575,0.208209363105,0.0,485.12032390887833,484.0153959948288,484.6522206853855,485.45292285366753
4.14,-8.01734375607,4.01865333076,25.6702370056,0.00138955096261,0.445773952405,0.0,-6.95906392656,1.60078901173,4.64499821814,0.00388546771904,0.157126613666,0.0,459.51134849423767,455.4775905117211,458.33478918274017,457.1498284912695
4.199999999999998,-8.44311289251,4.11461972006,25.9466709409,0.00149708243099,0.455498291184,0.0,-7.23404372342,1.59810443663,4.56839005495,-0.0027630727171,0.170468376001,0.0,450.47911292532996,451.58137306454887,451.58167538840274,451.0448704362171
4.259999999999997,-8.88570864389,4.21042620597,26.2186136972,0.00145424940786,0.466029533973,0.0,-7.51997904135,1.59543687527,4.49513391908,0.00309850835276,0.18407031818,0.0,455.02791274512117,456.1444430035369,454.05915481703613,454.52930429968995
4.319999999999996,-9.34446608853,4.30606936456,26.4835994641,0.00139732203154,0.477211583915,0.0,-7.77292953267,1.5926742404,4.33696973814,-0.0106100525607,0.190599744546,0.0,427.0654934933466,427.65740517011983,428.5478292491104,427.3806600133394
4.379999999999995,-9.81894429951,4.40154495686,26.7395932075,0.000728439305102,0.488587144045,0.0,-8.04398680683,1.58980105943,4.19517116928,-0.0122463350682,0.187501845101,0.0,436.2361656914432,436.01304476122624,435.22832468427606,435.0914327507975
4.439999999999993,-10.3089312147,4.49683811845,26.9850936612,0.000508103961344,0.500438009485,0.0,-8.29000331531,1.58661336738,3.98756915915,0.009526156307,0.212361903965,0.0,412.6011526524476,414.8313843970047,412.231218139523,414.1513745720474
4.499999999999992,-10.8162147182,4.59194338909,27.2222058277,0.0016866676597,0.513930350164,0.0,-8.62033845424,1.58363585463,3.91431438634,0.0346251485787,0.242357599056,0.0,463.2401385656612,465.64015811306245,463.3501035276296,465.3196300752016
4.559999999999991,-11.3429273613,4.68689012762,27.4535226342,0.00364580891792,0.528674742987,0.0,-8.93773173047,1.58139796702,3.7944969439,0.0283828643242,0.251755326178,0.0,452.19581728135853,453.0115431151308,452.7684225461046,452.2661561799858
4.6199999999999894,-11.8870676045,4.78171691961,27.674202331,0.00554231842351,0.543436730608,0.0,-9.20144023295,1.57959058243,3.56050128843,0.0373835027456,0.231042497462,0.0,414.233762641794,412.4727516005961,414.30451445617024,415.0958326805828
4.679999999999988,-12.4504810261,4.87648769726,27.885933853,0.00747569254504,0.55810165241,0.0,-9.57978355673,1.57958828041,3.49473685091,0.0191261452639,0.262743143633,0.0,477.32168298847506,479.7892443285482,479.5907716342434,478.2019255937694
4.739999999999987,-13.0335418559,4.9712431595,28.0880909165,0.0087182198126,0.573907289571,0.0,-9.8567387328,1.57897914282,3.24264086866,0.0236994855253,0.26475867709,0.0,415.9444301101444,416.19604804503035,415.2523679275892,415.6535256182058
4.799999999999986,-13.6357149541,5.06600479493,28.2783483373,0.0105971845225,0.589606517527,0.0,-10.2165730502,1.57983328827,3.09698530576,0.043334271177,0.254599049352,0.0,459.646681958714,458.90698360532343,459.78164820157167,461.3354121832537
4.859999999999984,-14.2577128155,5.16080874033,28.456520993,0.0130627221191,0.604689612879,0.0,-10.5177737505,1.58040899486,2.84063655599,0.0361835446179,0.244043268761,0.0,423.6661320824847,422.82399863808917,423.5374274159507,422.9227132553691
4.919999999999983,-14.8977351264,5.25566235317,28.6186287628,0.0152505574001,0.619474274395,0.0,-10.8174174979,1.58145934233,2.56154422633,0.0370187304269,0.250761021221,0.0,417.5079981291234,418.1588550204085,418.2417407164946,418.31519651143526
4.979999999999982,-15.5584068132,5.35064828211,28.7671042072,0.0171021137785,0.635501835671,0.0,-11.2057248077,1.58482318009,2.38502850332,0.0142060989242,0.288150194664,0.0,460.43912212160984,463.4554953044635,463.990421810368,462.195629187656
5.0399999999999805,-16.2428114321,5.44585333287,28.9048244536,0.0185980063303,0.653211213106,0.0,-11.6084440638,1.58869823588,2.20268228217,0.0405827641122,0.306371059262,0.0,466.9048548691139,468.40795606759036,465.9067269067603,467.9652260471227
